&title=[宴/バディ/2P] ダブルラリアッ [13?]
&artist=アゴアニキ
&first=0
&des=今から踊り回しますので離れていてください


&lv_7=回
&inote_7=(138)
{1},
,4h[2:15]/5h[2:15],,,,,,,
{4} ,,,6b/3b,
     5<8[4:1],8>3[4:1],3<6[4:1],6<1[4:1],1>4[4:1],4<7[4:1],7>2[4:1],2>5[4:1],
     5<8[4:1],8>3[4:1],3<6[4:1],6<1[4:1],1>4[4:1],4<7[4:1],7>2[4:1],2>5[4:1],
     5<8[4:1],8>3[4:1],3<6[4:1],6<1[4:1],1>4[4:1],4<7[4:1],7>2[4:1],2>5[4:1],
     5<8[4:1],8>3[4:1],3<6[4:1],6<1[4:1],1>4[4:1],4<7[4:1],7>2[4:1],2b,
     4h[4:1],5h[4:1],6h[4:1],7h[4:1],8h[4:1],1h[4:1],2h[4:1],3h[4:1],
     4h[4:1],5h[4:1],6h[4:1],7h[4:1],8h[4:1],1h[4:1],2h[4:1],3h[4:1],
{8}  4,5,6,7,8,1,2,3,4,5,6,7,8,1,2,3,
{16} 4,5,6,7,8,1,2,3,4,5,6,7,8,1,2,3,4,5,6,7,8,1,2,3,4,5,6,7,8,1,2,3,4,5,6,7,
{2}  8>4[2:1],4<8[2:1],8>4[2:1],4<8[2:1],8>4[2:1],4<8[2:1],8>4[2:1],4<8[2:1],
     8>4[2:1],4<8[2:1],8>4[2:1],
{4}  4<6[4:1],6<8[4:1],8>2[4:1],2>4[4:1],4<6[4:1],6<1[4:1],1>4[4:1],4<7[4:1],
     7>3[4:1],3<7[4:1],7>3[4:1],3<7[4:1],7>3[4:1],
{16} 3,4,5,6,7,8,1,2,3,4,5,6,7,8,1,2,
{24} 3b,4,5,6,7,8,1,2,3,4,5,6,7,8,1,2,3,4,5,6,7,8,1,2,3,4,5,6,7,8,1,2,
     3,4,5,6,7,8,1,2,3,4,5,6,7,8,1,2,3,4,5,6,7,8,1,2,3,4,5,6,7,8,1,2,
     3,4,5,6,7,8,1,2,3,4,5,6,7,8,1,2,3,4,5,6,7,8,1,2,3,4,5,6,7,8,1,2,
     3,4,5,6,7,8,2,3,4,5,6,7,1,2,3,4,5,6,8,1,2,3,4,5,
     7,8,1,2,3,4,6,7,8,1,2,3,5,6,7,8,1,2,4,5,6,7,8,1,
     3,4,5,6,7,8,2,3,4,5,6,7,1,2,3,4,5,6,8,1,2,3,4,5,
     7,8,1,2,3,4,6,7,8,1,2,3,5,6,7,8,1,2,4,5,6,7,8,1,
{32} 3b,4,5,6,7,8,1,2,3,4,5,6,7,8,1,2,3,4,5,6,7,8,1,2,3,4,5,6,7,8,1,2,
     3,4,5,6,7,8,1,2,3,4,5,6,7,8,1,2,3,4,5,6,7,8,1,2,3,4,5,6,7,8,1,2,
     3,4,5,6,7,8,1,2,3,4,5,6,7,8,1,2,3,4,5,6,7,8,1,2,3,4,5,6,7,8,1,2,
     3,4,5,6,7,8,1,2,3,4,5,6,7,8,1,2,3,4,5,6,7,8,1,2,3,4,5,6,7,8,1,2,
     3b,4,5,6,7,8,1,2,4b,5,6,7,8,1,2,3,5b,6,7,8,1,2,3,4,6b,7,8,1,2,3,4,5,
     7b,8,1,2,3,4,5,6,8b,1,2,3,4,5,6,7,1b,2,3,4,5,6,7,8,2b,3,4,5,6,7,8,1,
     3b,4,5,6,7,8,1,2,4b,5,6,7,8,1,2,3,5b,6,7,8,1,2,3,4,6b,7,8,1,2,3,4,5,
     7b,8,1,2,3,4,5,6,8b,1,2,3,4,5,6,7,1b,2,3,4,5,6,7,8,
{48} 2b,3x,4x,5x,6x,7x,8x,1x,2x,3x,4x,5x,6xh[8:59]/7xh[2:15],
