&title=[宴] ノンブレス・オブリージュ [13+?]
&artist=PinocchioP
&first=0
&des=

&lv_7=息
&inote_7=(148){1},
{1}7<2[4:7],,,
{1}3q5[4:4],
{8},,,,,,,,
{16}3,4,3,4,3,4,3,4,2,4,3,4,3,4,3,4,3,4,3,4,3,4,3,4,2,4,3,4,3,4,3,4,3,4,3,4,3,4,3,4,2,4,3,4,3,4,3,4,3,4,3,4,3,4,3,4,2,4,3,4,3,5,4,4,
{16}6,5,6,5,6,5,6,5,7,5,6,5,6,5,6,5,6,5,6,5,6,5,6,5,7,5,6,5,6,5,6,5,6,5,6,5,6,5,6,5,7,5,6,5,6,5,6,5,6,5,6,5,6,5,6,5,7,5,6,5,
{8}6h[8:1],5h[8:1],4h[8:1],3h[8:1],2h[8:1],1h[8:1],8h[8:1],7h[8:1],6h[8:1],
{16}5,5,4h[8:1],,3h[8:1],,2h[8:1],,1h[8:1],,8h[8:1],,7,7,6h[8:1],,5h[8:1],,4h[8:1],,3h[8:1],,2h[8:1],,1h[8:1],,8h[8:1],,7h[8:1],,6h[8:1],,
{16}5h[8:1],,4h[8:1],,3h[8:1],,2h[8:1],,1h[8:1],,8h[8:1],,7,7,6h[8:1],,5,,7,5,7,5,7,5,7,5,6,5,6,5,8,5,8h[8:1],,
{16}2,4,2,4,2,4,2,4,3,4,3,4,1,4,1h[8:1],,7,5,7,5,7h[8:1],,2,4,2,4,3,5,3h[8:1],,4,,6h[9:1],,5,,
{16}3,4,3,4,3,4,3,,25,,25,,36,,47,,6,5,6,5,7,4,7,4,6,5,6,,78,,12,,3,4,3,4,3,4,3,,25,,25,,36,,47,,6,5,6,5,7,4,7,4,6,5,6,,78,,12,,3,4,3,4,3,,34,,12,,78,,56,,
{16}47,,6,5,6,5,6,,56,,78,,12,,34,,25,,3,4,3,4,3,,34,,12,,78,,56,,56,,7,8,7,8,7,,78,,56,,34,,12,,18,,27,2h[16:5]/7h[16:5],,,,,,,
{16}8b,,8b,,2,1,2,1,2,1,2,1,2,8,2,8,2,8,2,8,2,1,2,1,2-6[148#8:1],1,2,1,2h[4:1],,,,
{16}7,,7,,7,8,7,8,7,8,7,8,7,1,7,1,7,1,7,1,7,8,7,8,7-3[148#8:1],8,7,8,7h[4:1],,,,
{16}2,4,2,4,1,4,1h[8:1],,7,5,7,5,8,5,8h[8:1],,3,4,2h[8:1],,6,5,7h[8:1],,3,4,2h[8:1],,6,5,6,5,7,7,5,5,4,4,2h[8:1],,4,4,3,3,5h[4:1],,,,4,3,2,1,8,7,6,5,4,3,2,1,8b,,,,,,,,
{16}1b,7,3,7,3,7,5b,7,3,7,3,7,1b,7,3,7,3,7,5b,7,3,7,2,6,
{24}1b,5,1,5,1,5,1,5,1,5,1,5,1,5,1,5,1,5,1>6[8:3],5,1,5,1,5,1,,,,,,,,,8<3[8:3],,,8,,,1,,,,,,,,,{16}2h[16:3],,,3h[16:3],,,4,,{8}4>1[8:1],,,
{16}8,,7,,6,,5,,4,,3h[16:3],,,4h[16:3],,,5-1[8:1],,,,,,,,
{16}2h[8:1]/4h[8:1],,,,5h[8:1]/7h[8:1],,,,3h[8:1]/4h[8:1],,,,5h[8:1]/6h[8:1],,,,2h[8:1]/4h[8:1],,,,5/7,,5/7-3[8:1],,,,2,,2,,1,,1,,
{16}8b,2,6,2,6,2,4b,2,6,2,6,2,8b,2,6,2,6,2,4b ,2,6,2,7,3 ,
{24}8b,4,8,4,8,4,8,4,8,4,8,4,8,4,8,4,8,4,8<3[8:3],4,8,4,8,4,8,,,,,,,,,1V35[8:3],,,1,,,8,,,,,,,,,{16}8h[16:3],,,6h[16:3],,,5,,1h[16:3],,,3h[16:3],,,4,,5h[16:3],,,7h[16:3],,,8,,4h[16:3],,,2h[16:3],,,1,,1-5[8:1],,,,,,
{16}6,,6h[16:3],,,7h[16:3],,,8,,1h[16:3],,,2h[16:3],,,3,,3<6[2:1],,,,
{8},,,,,,
{16}1,8,8,8,8,8,1,8,8,8,8,8,1,8,8,8,8,8,1,8,8,8,8,8,1,8,8,8,8,8,1,8,8,8,8,8,1,8,8,8,8,8,1,8,8,8,8,8,1,8,8,8,8,8,1,8,8,8,8,8,1,8,8,8,8,8,1,8,8,8,8,8,1,8,8,8,8,8,1,8,8,8,8,8,1,8,8,8,8,8,1,8,8,8,8,8,1,8,8,8,8,8,1,8,8,8,8,8,1,8,8,8,8,8,1,8,8,8,8,8,1,8,8,8,2b,,,,
{16}4,5,5,5,5,5,4,5,5,5,5,5,4,5,5,5,5,5,3,5,5,5,5,5,3,5,5,5,5,5,3,5,5,5,5,5,2,5,5,5,5,5,2,5,5,5,5,5,2,5,5,5,5,5,1,5,5,5,5,5,1,5,5,5,5,5,1,5,5,5,5,5,8,5,5,5,5,5,8,5,5,5,5,5,8,5,5,5,5,5,7,5,5,5,5,5,7,5,5,5,5,5,7,5,5,5,5,5,6<4b[4:3],5,5,5,4b,,,,,,,,,,,,,,,,
{16}2,5,3,5,3,5,2,5,3,5,3,5,2,5,3,5,3,5,2,5,3,5,3,5,
{24}4,4,4,4,4,4,4,4,4,4,4,4,4,4,4,4,4,4,4>7[8:3],4,4,4,4,4,4,,,,,,,,,
{24}5,,,5,,,6h[4:1]/4h[4:1],,,,,,,,,
{16}7h[16:3],,,6h[16:3],,,5,,2h[16:3],,,3h[16:3],,,4,,7h[16:3],,,6h[16:3],,,5,,4h[16:3],,,3h[16:3],,,2,,2h[8:3],,,,,,3,,3h[16:3],,,2h[16:3],,,1,,6h[16:3],,,7h[16:3],,,8V64[4:1],,,,,,,,2,,2h[16:3],,,3h[16:3],,,4bh[8:13],,
{4},,,,,,E5,
