&title=[宴] 神々が恋した幻想郷 [14?]
&artist=Unlucky Morpheus
&first=0.013
&des=
&wholebpm=155
&demo_seek=92.319
&des_7=-
&lv_7=片
&inote_7=(155){4},,,,,,,,
{8}
7h[1:2],,,,3,4,3,4,
3,4,3,4,3,,,,
2h[1:2],,,,6,5,6,5,
6,5,6,5,6,,,,
7h[1:1],,3,4,3,4,3,,
2h[1:1],,6,5,6,5,6,,
7h[1:1],,3,4,3,4,3,,
1b,,,,,,,,

{16}
3/7h[4:7],,3,,3,,3,,3,4,3,4,3,,3,,
3,,3,,3,,3,,3,4,3,4,3,,2,,
6/2h[4:7],,6,,6,,6,,6,5,6,5,6,,6,,
6,,6,,6,,6,,6,5,6,5,6,,7,,
3/7h[4:7],,3,,3,,3,,3,4,3,4,3,,3,,
3,,3,,3,,3,,3,4,3,4,3,,2,,
6x/2h[4:7],5,6,5,6,,6x,,6,,6,,6x,5,6,5,
6,,6x,,6,,6,,6x,5,6,5,6,,1,,
1pp5[2:1],,,,Cf,,,,,,,,8bh[4:15],,,,

3,,3,,3,4,3,4,3,4,3,4,3,,3,,
3,,3,,3,4,3,4,3,4,3,4,3,,3,,
3,,3,,3,4,3,4,3,4,3,4,3,,3,,
3,,3,,3,4,3,4,3,,2,,1h[4:15],,,,
6,,6,,6,5,6,5,6,5,6,5,6,,6,,
6,,6,,6,5,6,5,6,5,6,5,6,,6,,
6,,6,,6,5,6,5,6,5,6,5,6,,6,,
6,,6,,6,5,6,5,6b,,,,,,,,

2/8<5[4:1],,,,,,,,4h[4:5],,,,,,,,
6,,,,7,,,,7,6,7,6,7,,,,
7/1>4[4:1],,,,,,,,5h[4:5],,,,,,,,
3,,,,2,,,,2,3,2,3,2,,,,
2/8<5[4:1],,,,,,,,4h[4:5],,,,,,,,
6,,,,7,,,,7,6,7,6,7,,,,
7/1>4[4:1],,,,,,,,5h[4:5],,,,,,,,
3,,,,2,,,,2,3,2,3,2,,,,

6/2h[4:3],5,6,5,6,5,6,5,6,5,6,5,6,,6,,
6/1h[4:3],5,6,5,6,5,6,5,6,5,6,5,6,,6,,
6/8h[4:3],5,6,5,6,5,6,5,6,5,6,5,6,,6,,
6/1-4[2:1],5,6,5,6,5,6,5,6,5,6,5,6,,,,
3/7h[4:3],4,3,4,3,4,3,4,3,4,3,4,3,,3,,
3/8h[4:3],4,3,4,3,4,3,4,3,4,3,4,3,,3,,
3/1h[4:3],4,3,4,3,4,3,4,3,4,3,4,3,,3,,
3/8-5[2:1],4,3,4,3,4,3,4,3,4,3,4,3,,,,

3/5h[4:1],4,3,4,3,4,3,4,3/7h[4:1],4,3,4,3,4,3,4,
3/8h[4:1],4,3,4,3,4,3,4,3/7h[4:1],4,3,4,3,,3,,
6/4h[4:1],5,6,5,6,5,6,5,6/2h[4:1],5,6,5,6,5,6,5,
6/1h[4:1],5,6,5,6,5,6,5,6/2h[4:1],5,6,5,6,,6,,
3/5h[4:1],4,3,4,3,4,3,4,3/7h[4:1],4,3,4,3,4,3,4,
3/8h[4:1],4,3,4,3,4,3,4,3/7h[4:1],4,3,4,3,,3,,
6/4h[4:1],5,6,5,6,5,6,5,6/2h[4:1],5,6,5,6,5,6,5,
6/1h[4:1],5,6,5,6,5,6,5,6/2h[4:1],5,6,5,6,,6,,

7/1>4[4:1],,,,,,,,8h[4:5],,,,,,,,
5,,,,4,,,,4,5,4,5,4,,,,
2/8<5[4:1],,,,,,,,1h[4:5],,,,,,,,
4,,,,5,,,,5,4,5,4,5,,,,
7/1>4[4:1],,,,,,,,8h[4:5],,,,,,,,
5,,,,4,,,,4,5,4,5,4,,,,
2/8<5[4:1],,,,,,,,1h[4:5],,,,,,,,
4,,,,5,,,,5,4,5,4,5,,,,
1>4[8:1]/8<5[8:1],,,,,,,,2x/7x,,,,,,,,

3/8h[4:1],4,3,4,3,4,37,4,37,4,36,4,35,4,36,4,
3/7h[2:1],4,3,4,3,4,3,4,3,4,36,4,37,4,38,4,
3/8h[4:1],4,3,4,3,4,37,4,37,4,36,4,37,4,38,4,
3/1h[2:1],4,3,4,3,4,3,4,3,4,38,4,38,4,37,4,
3/7h[2:1],4,3,4,3,4,3,4,3,4,38,4,38,4,31,4,
3/1h[2:1],4,3,4,3,4,3,4,3,4,3,4,38,4,37,4,
3/7h[2:1],4,3,4,3,4,3,4,3,4,38,4,37,4,36,4,
3/5h[4:3],4,3,4,3,4,3,4,3,,3,,2,,2,,
6/1h[4:1],5,6,5,6,5,62,5,62,5,63,5,64,5,63,5,
6/2h[2:1],5,6,5,6,5,6,5,6,5,6,5,63,5,62,5,
6/1h[4:1],5,6,5,6,5,62,5,62,5,63,5,62,5,61,5,
6/8h[2:1],5,6,5,6,5,6,5,6,5,61,5,61,5,62,5,
6/2h[2:1],5,6,5,6,5,6,5,6,5,61,5,61,5,68,5,
6/8h[2:1],5,6,5,6,5,6,5,6,5,6,5,61,5,6,5,
6/1h[4:1],5,6,5,6,5,6,5,6/2h[4:1],5,6,5,6,5,6,5,
6/4h[2:1],5,6,5,6,5,6,5,6,,,,,,,,
1b,,,,,,,,8b,,,,8x-6[8:1],,,,

3/8-2[8:1],4,3,4,3/8<6[8:1],4,3,4,3/8>2[8:1],4,3,4,3/8-6[8:1],4,3,4,
3/8-2[8:1],4,3,4,3/8<6[8:1],4,3,4,3/8>2[8:1],4,3,4,3/8-6[8:1],4,3,4,
3/8-2[8:1],4,3,4,3/8<6[8:1],4,3,4,3/8>2[8:1],4,3,4,3/8<6[8:1],4,3,4,
3/8>2[8:1],4,3,4,3/8-4[8:1],4,3,4,38,,2,,1x-3[8:1],,,,
6/1-7[8:1],5,6,5,6/1>3[8:1],5,6,5,6/1<7[8:1],5,6,5,6/1-3[8:1],5,6,5,
6/1-7[8:1],5,6,5,6/1>3[8:1],5,6,5,6/1<7[8:1],5,6,5,6/1-3[8:1],5,6,5,
6/1-7[8:1],5,6,5,6/1>3[8:1],5,6,5,6/1<7[8:1],5,6,5,6/1>3[8:1],5,6,5,
6/1<7[8:1],5,6,5,6/1-5[8:1],5,6,5,61,,,,36,,,,

3b/6b,27,3b/6b,27,3b/6b,27,3b/6b,27,
3b/6b,2b/7b,3b/6b,2b/7b,3b/6b,2b/7b,3b/6b,2b/7b,
{4}3bqq5[4:35]/6bpp4[4:35],3b/6b,,,,,,,,,,,,,,,,,,,,,,,,,,,,,,,,,,,,,
